247
385
116
511
864
1143
698
235
572
772
1444
500
498
81
368
336
923
1752
858
192
290
861
1961
1213
1790
1763
1141
791
1190
1901
1365
1408
1715
546
529
1723
794
1572
968
465
476
1955
336
1845
1345
1853
602
502
355
1934
810
1832
1772
1270
1835
905
1061
449
23
1176
1960
1979
1212
700
979
221
1464
138
1028
1263
898
474
1714
596
1963
1018
1
10
1932
1052
820
1637
1013
935
1981
52
1094
1462
1584
1639
637
838
1925
116
446
1228
1593
121
451
1378
1373
1856
248
1415
354
223
258
778
606
1733
1334
388
1485
1014
355
1623
1984
620
1244
126
859
249
1841
414
755
938
685
817
601
1264
1115
1981
979
524
1455
1371
1739
602
875
1445
297
1878
11
247
793
1359
460
488
1818
1749
1020
1141
415
1036
1287
1975
348
971
1747
1299
1398
1331
1737
417
1912
478
650
202
34
191
1994
1280
1392
37
924
977
22
685
599
835
1662
1141
1604
1822
1484
1548
1531
1903
1483
1736
1620
1483
575
1269
1302
279
1922
1794
1264
434
615
185
513
1845
1686
1260
1887
198
1516
1220
601
1897
1374
1709
1962
1904
314
985
1382
689
972
1722
718
1519
363
358
969
1663
26
756
1518
34
1455
1285
1384
47
650
29
198
1402
703
34
1644
1212
1669
1888
483
491
198
1215
1857
1204
1000
617
421
1503
1047
1493
1185
398
10
964
860
651
1769
322
348
1542
749
1370
997
1536
515
1938
1308
1527
1930
409
932
28
1094
1803
1898
1478
547
218
401
322
330
1543
708
623
1133
1161
1057
1827
1847
1609
75
552
948
1107
1733
1009
1265
117
1071
1552
1095
1808
852
573
1450
1800
345
1082
1155
457
1550
313
1006
747
1469
1905
1901
1304
1483
1755
1834
1639
1609
1111
827
50
355
309
643
590
702
1125
974
528
1116
714
1956
141
1621
550
627
344
43
169
1805
935
657
796
447
808
5
658
249
813
190
914
1046
1764
223
382
373
1670
971
1120
904
636
1346
1376
1062
1484
1322
841
737
1703
20
467
425
1331
1236
1822
1423
1126
1557
954
952
1411
913
1741
96
1289
1914
1807
1192
438
804
602
141
1920
862
1764
772
354
1398
1476
671
1436
1844
642
493
1673
645
854
1195
1336
1489
1054
1556
798
1339
1921
73
1166
1736
1875
1189
1408
683
313
1268
1835
183
1899
1450
745
1681
1333
625
516
1640
1918
646
1497
189
271
1370
445
1481
1951
969
376
862
738
1287
1404
1212
1188
1018
109
692
478
877
759
1740
1388
1097
1118
387
1427
351
1840
983
1637
953
1407
388
1084
505
1863
1822
454
342
1559
1181
167
1447
656
1931
535
1232
1209
603
1955
626
548
49
1821
1639
366
1182
1816
985
1451
531
1389
71
533
139
637
679
374
1779
1905
282
396
1542
1482
1637
1217
1737
384
47
66
1426
603
1123
1694
1569
651
1514
1406
1065
917
1090
1101
518
470
1432
418
547
556
1069
772
1184
1014
1967
365
486
1736
1952
573
248
122
1887
338
1966
1632
1787
1217
1166
895
1325
519
812
434
1850
552
1195
1396
1078
62
910
670
304
1970
576
994
300
1584
917
405
1064
184
1640
340
1995
997
1017
1996
787
1434
157
279
1671
135
358
233
815
1416
1121
1705
1300
40
860
280
1954
719
1610
441
573
401
1129
1451
248
1343
1913
1271
1878
754
664
288
30
891
515
1648
1426
1297
132
1201
554
1090
1087
1858
89
47
63
1329
103
361
349
94
1072
1568
471
688
1769
923
1790
1494
1516
690
1860
1724
1901
1225
32
1484
4
1001
1189
1904
653
957
197
1639
167
1255
1236
986
800
1849
1792
1655
864
1025
1777
1628
1017
467
963
263
1592
1358
602
1619
1662
1666
1242
372
966
1507
450
40
1158
242
503
921
1631
1392
1430
1982
1236
1823
1272
1187
738
1728
122
1067
549
223
28
1216
1519
1948
1297
1055
1136
1979
1634
455
784
86
1583
1885
871
811
566
1665
1322
1719
1683
264
983
1746
1002
165
820
415
804
1494
241
1952
452
1411
1224
276
875
821
889
1040
1126
1442
1937
373
1441
1478
80
571
388
525
1898
987
63
48
1299
806
1362
54
1841
1151
874
1831
1369
962
1482
993
57
243
97
1308
390
254
1508
528
123
1400
1680
863
1063
1779
546
1671
1174
354
1335
710
532
395
510
1911
55
309
146
1793
1912
679
774
883
1312
1984
1
1502
1084
1161
1057
1017
1858
1238
709
1749
532
1514
296
1054
634
1189
1930
1126
1002
1064
1576
381
986
257
912
538
1963
172
1319
1845
566
1772
1801
361
1464
448
657
1006
982
329
131
1400
2
1900
1842
57
1186
497
766
790
1216
1699
1435
1787
1191
1566
736
111
1134
951
1160
137
79
538
1461
1456
1657
532
1025
1733
615
1715
861
1871
543
1944
268
642
1465
975
1627
825
1786
1991
1099
1512
1419
905
841
1243
678
873
410
658
570
1997
128
1780
185
1599
831
1879
792
729
1410
903
427
1602
1438
509
1337
1614
1599
338
1717
323
1162
1735
1610
1495
811
383
1051
1750
1324
772
1274
268
1535
269
939
779
53
1819
1124
1965
590
582
133
1545
735
1505
654
1974
469
261
1654
1676
612
1704
1774
1858
29
1914
1315
787
1784
508
1027
1910
506
1869
1939
1798
175
939
1690
727
1398
1370
454
1360
429
1888
1587
1807
25
1644
417
422
1231
423
